0.4877
2011_000953 0.5373 3 0.0000 0.8623 0.7497
2007_007165 0.3183 1 0.3183
2007_001587 0.0000 1 0.0000
2008_006219 0.1226 1 0.1226
2008_004396 0.7270 1 0.7270
2008_003141 0.5242 3 0.8678 0.7046 0.0000
2007_009084 0.1958 4 0.0000 0.0833 0.5962 0.1038
2007_006449 0.3038 1 0.3038
2011_002124 0.5418 3 0.2283 0.5934 0.8036
2010_003468 0.7880 2 0.7357 0.8404
2007_005547 0.5831 3 0.6755 0.5876 0.4863
2010_005245 0.1516 2 0.3031 0.0000
2009_003904 0.8705 1 0.8705
2007_002119 0.3284 2 0.6567 0.0000
2007_001884 0.1035 2 0.2069 0.0000
2007_005857 0.0000 1 0.0000
2008_002942 0.8736 1 0.8736
2008_003709 0.7745 1 0.7745
2010_001752 0.5113 1 0.5113
2010_005705 0.1542 1 0.1542
2007_001677 0.4263 2 0.3484 0.5042
2010_004120 0.7806 1 0.7806
2008_001821 0.8560 1 0.8560
2011_001292 0.9224 1 0.9224
2011_003030 0.9692 1 0.9692
2009_003849 0.5730 3 0.2451 0.5599 0.9140
2008_003034 0.5736 2 0.4540 0.6931
2009_004994 0.4257 2 0.5712 0.2801
2010_005180 0.0000 2 0.0000 0.0000
2008_006341 0.2644 2 0.0000 0.5288
2007_000529 0.0000 2 0.0000 0.0000
2008_000107 0.0022 1 0.0022
2011_002951 0.0000 1 0.0000
2009_003928 0.5968 1 0.5968
2009_000931 0.0000 1 0.0000
2007_009911 0.7800 1 0.7800
2008_002835 0.5724 2 0.6968 0.4479
2009_000839 0.9571 1 0.9571
2007_005844 0.2070 2 0.4141 0.0000
2009_002562 0.8120 1 0.8120
2007_006076 0.4366 2 0.0000 0.8733
2009_001816 0.8423 1 0.8423
2009_001108 0.7216 1 0.7216
2010_005719 0.7902 1 0.7902
2008_005544 0.5215 1 0.5215
2007_002719 0.0000 2 0.0000 0.0000
2010_000083 0.2538 3 0.2075 0.0000 0.5538
2010_003183 0.6023 1 0.6023
2007_007996 0.2146 4 0.0000 0.4637 0.3946 0.0000
2009_002535 0.8080 1 0.8080
2007_005058 0.2036 1 0.2036
2010_003758 0.7080 1 0.7080
2008_007507 0.4966 1 0.4966
2011_000548 0.0831 2 0.0000 0.1662
2011_000283 0.8649 1 0.8649
2009_001941 0.7624 1 0.7624
2010_004783 0.1768 2 0.3535 0.0000
2008_001478 0.3649 1 0.3649
2011_003146 0.7394 1 0.7394
2007_004241 0.8336 1 0.8336
2007_002903 0.8016 1 0.8016
2011_001642 0.9103 1 0.9103
2008_003451 0.6022 2 0.5305 0.6739
2008_007219 0.4459 2 0.0000 0.8917
2007_005107 0.0726 2 0.1452 0.0000
2007_006364 0.5942 2 0.7204 0.4680
2009_005189 0.5309 1 0.5309
2011_000809 0.3033 3 0.1424 0.0000 0.7676
2009_002097 0.5871 1 0.5871
2008_000223 0.0000 1 0.0000
2009_002239 0.2351 3 0.0854 0.6200 0.0000
2009_001684 0.1906 1 0.1906
2008_002492 0.0000 1 0.0000
2011_001868 0.2671 1 0.2671
2008_005676 0.6053 1 0.6053
2011_003055 0.7973 1 0.7973
2011_002327 0.3601 2 0.7202 0.0000
2011_001276 0.1447 4 0.0000 0.0000 0.0000 0.5789
2007_004392 0.3312 3 0.0000 0.8564 0.1372
2010_005992 0.7743 1 0.7743
2011_000807 0.4834 1 0.4834
2008_000573 0.7994 2 0.8705 0.7284
2010_003060 0.6389 1 0.6389
2008_000233 0.6186 1 0.6186
2010_000163 0.8688 1 0.8688
2009_002549 0.2389 1 0.2389
2008_005904 0.4287 1 0.4287
2011_000969 0.7366 1 0.7366
2011_002535 0.7371 1 0.7371
2010_003915 0.5775 1 0.5775
2008_003003 0.1081 2 0.0000 0.2161
2011_002371 0.7847 1 0.7847
2009_000446 0.7021 1 0.7021
2007_003499 0.8658 1 0.8658
2008_003492 0.8864 1 0.8864
2009_000149 0.0735 2 0.1470 0.0000
2009_003273 0.8040 1 0.8040
2008_005691 0.5626 1 0.5626
2007_004052 0.7445 1 0.7445
2008_002521 0.0000 1 0.0000
